rgb(229, 193, 151)
rgb(229, 192, 150)
rgb(231, 195, 152)
rgb(230, 195, 152)
rgb(233, 195, 155)
rgb(232, 194, 154)
rgb(231, 196, 157)
rgb(230, 197, 156)
rgb(231, 198, 157)
rgb(230, 199, 156)
rgb(228, 201, 157)
rgb(228, 199, 159)
rgb(230, 200, 163)
rgb(231, 201, 162)
rgb(230, 200, 163)
rgb(231, 200, 162)
rgb(231, 198, 161)
rgb(231, 199, 161)
rgb(231, 197, 160)
rgb(231, 197, 160)
rgb(231, 198, 163)
rgb(231, 198, 163)
rgb(231, 198, 162)
rgb(231, 199, 163)
rgb(232, 199, 165)
rgb(233, 198, 165)
rgb(232, 201, 167)
rgb(233, 200, 166)
rgb(233, 200, 168)
rgb(233, 200, 168)
rgb(234, 201, 169)
rgb(234, 201, 169)
rgb(234, 200, 169)
rgb(234, 201, 169)
rgb(234, 201, 169)
rgb(233, 199, 170)
rgb(232, 199, 171)
rgb(231, 196, 169)
rgb(229, 196, 169)
rgb(228, 196, 168)
rgb(229, 197, 169)
rgb(228, 196, 169)
rgb(229, 198, 170)
rgb(228, 199, 171)
rgb(228, 198, 170)
rgb(229, 199, 171)
rgb(230, 201, 172)
rgb(231, 201, 173)
rgb(230, 200, 172)
rgb(230, 200, 173)
rgb(231, 200, 173)
rgb(230, 200, 172)
rgb(230, 201, 171)
rgb(230, 201, 170)
rgb(231, 200, 170)
rgb(230, 201, 170)
rgb(230, 200, 168)
rgb(230, 201, 168)
rgb(230, 200, 168)
rgb(230, 201, 168)
rgb(229, 203, 169)
rgb(228, 203, 168)
rgb(229, 202, 168)
rgb(229, 202, 169)
rgb(229, 203, 168)
rgb(228, 202, 168)
rgb(229, 203, 168)
rgb(228, 202, 169)
rgb(227, 203, 168)
rgb(226, 203, 168)
rgb(226, 202, 168)
rgb(227, 203, 169)
rgb(227, 202, 169)
rgb(226, 203, 168)
rgb(227, 203, 168)
rgb(227, 203, 169)
rgb(228, 205, 168)
rgb(228, 204, 168)
rgb(229, 204, 169)
rgb(229, 205, 170)
rgb(228, 205, 169)
rgb(224, 201, 164)
rgb(217, 192, 157)
rgb(212, 189, 152)
rgb(227, 201, 166)
rgb(220, 194, 160)
rgb(215, 188, 155)
rgb(211, 184, 148)
rgb(224, 197, 163)
rgb(221, 192, 159)
rgb(213, 184, 151)
rgb(210, 182, 149)
rgb(214, 182, 153)
rgb(215, 184, 153)
rgb(213, 180, 151)
rgb(211, 179, 149)
rgb(210, 178, 149)
rgb(211, 179, 148)
rgb(207, 177, 144)
rgb(204, 172, 145)
rgb(201, 169, 143)
rgb(199, 166, 140)
rgb(193, 162, 137)
rgb(193, 163, 135)
rgb(193, 162, 138)
rgb(194, 165, 140)
rgb(192, 164, 140)
rgb(190, 162, 139)
rgb(190, 164, 140)
rgb(188, 162, 139)
rgb(190, 165, 141)
rgb(190, 165, 141)
rgb(191, 165, 140)
rgb(190, 164, 140)
rgb(191, 165, 143)
rgb(191, 164, 143)
rgb(191, 165, 143)
rgb(190, 165, 142)
rgb(190, 164, 142)
rgb(190, 164, 142)
rgb(190, 164, 142)
rgb(191, 164, 142)
rgb(191, 164, 142)
rgb(191, 164, 142)
rgb(191, 165, 143)
rgb(191, 164, 143)
rgb(191, 165, 142)
rgb(191, 165, 143)
rgb(190, 164, 140)
rgb(191, 164, 140)
rgb(190, 164, 140)
rgb(191, 164, 141)
rgb(191, 164, 141)
rgb(191, 164, 140)
rgb(191, 164, 141)
rgb(190, 164, 141)
rgb(190, 162, 140)
rgb(190, 163, 141)
rgb(191, 163, 141)
rgb(191, 162, 140)
rgb(190, 162, 141)
rgb(190, 163, 140)
rgb(191, 162, 139)
rgb(190, 163, 138)
rgb(190, 162, 139)
rgb(191, 163, 139)
rgb(188, 160, 139)
rgb(189, 160, 138)
rgb(187, 160, 139)
rgb(186, 161, 138)
rgb(188, 163, 139)
rgb(189, 162, 139)
rgb(191, 162, 139)
rgb(190, 162, 139)
rgb(190, 163, 141)
rgb(191, 163, 140)
rgb(191, 163, 143)
rgb(190, 163, 143)
rgb(190, 163, 142)
rgb(190, 163, 142)
rgb(190, 161, 140)
rgb(191, 160, 140)
rgb(190, 160, 140)
rgb(191, 160, 141)
rgb(191, 161, 142)
rgb(190, 161, 143)
rgb(190, 161, 142)
rgb(190, 160, 142)
rgb(190, 160, 143)
rgb(191, 161, 143)
rgb(190, 161, 142)
rgb(190, 161, 142)
rgb(190, 161, 140)
rgb(190, 160, 140)
rgb(190, 160, 141)
rgb(191, 160, 140)
rgb(191, 163, 142)
rgb(191, 162, 143)
rgb(190, 162, 142)
rgb(190, 163, 143)
rgb(191, 163, 142)
rgb(191, 163, 143)
rgb(190, 163, 143)
rgb(191, 163, 142)
rgb(188, 165, 143)
rgb(189, 164, 142)
rgb(186, 164, 140)
rgb(187, 165, 140)
rgb(186, 165, 143)
rgb(186, 165, 142)
rgb(186, 165, 141)
rgb(187, 165, 141)
rgb(189, 166, 140)
rgb(188, 166, 141)
rgb(188, 166, 139)
rgb(186, 167, 136)
rgb(186, 166, 136)
rgb(184, 165, 135)
rgb(185, 164, 132)
rgb(184, 164, 133)
rgb(184, 165, 132)
rgb(184, 164, 133)
rgb(187, 166, 134)
rgb(187, 166, 134)
rgb(187, 167, 135)
rgb(186, 167, 135)
rgb(186, 167, 134)
rgb(186, 166, 135)
rgb(187, 166, 134)
rgb(187, 167, 134)
rgb(184, 165, 133)
rgb(184, 164, 132)
rgb(185, 165, 133)
rgb(185, 164, 133)
rgb(185, 164, 132)
rgb(184, 164, 132)
rgb(185, 165, 132)
rgb(184, 164, 133)
rgb(185, 164, 133)
rgb(185, 165, 133)
rgb(184, 165, 134)
rgb(185, 165, 134)
rgb(186, 167, 137)
rgb(186, 166, 137)
rgb(186, 166, 137)
rgb(187, 166, 136)
rgb(188, 167, 139)
rgb(188, 166, 139)
rgb(189, 167, 140)
rgb(188, 167, 140)
rgb(188, 167, 140)
rgb(188, 166, 140)
rgb(188, 167, 141)
rgb(188, 167, 140)
rgb(188, 167, 140)
rgb(188, 167, 140)
rgb(188, 167, 140)
rgb(188, 166, 140)
rgb(188, 169, 141)
rgb(188, 168, 140)
rgb(189, 169, 141)
rgb(189, 168, 141)
rgb(190, 169, 143)
rgb(191, 169, 142)
rgb(191, 169, 143)
rgb(191, 169, 142)
rgb(190, 169, 142)
rgb(189, 166, 141)
rgb(187, 166, 138)
rgb(185, 165, 137)
rgb(185, 164, 137)
rgb(184, 162, 136)
rgb(184, 163, 137)
rgb(183, 162, 135)
rgb(184, 162, 136)
rgb(184, 163, 137)
rgb(184, 163, 137)
rgb(185, 163, 136)
rgb(185, 164, 136)
rgb(184, 164, 137)
rgb(184, 164, 137)
rgb(184, 165, 137)
rgb(185, 164, 136)
rgb(184, 164, 136)
rgb(184, 164, 137)
rgb(185, 165, 137)
rgb(185, 165, 137)
rgb(184, 164, 136)
rgb(185, 165, 137)
rgb(185, 165, 136)
rgb(184, 165, 136)
rgb(185, 165, 136)
rgb(187, 166, 139)
rgb(186, 167, 138)
rgb(188, 167, 140)
rgb(189, 166, 141)
rgb(188, 166, 141)
rgb(188, 166, 140)
rgb(189, 168, 141)
rgb(189, 168, 140)
rgb(189, 168, 141)
rgb(189, 168, 141)
rgb(189, 169, 140)
rgb(189, 167, 141)
rgb(189, 166, 140)
rgb(187, 167, 139)
rgb(188, 167, 141)
rgb(188, 167, 141)
rgb(189, 166, 140)
rgb(188, 166, 141)
rgb(189, 169, 141)
rgb(188, 166, 141)
rgb(186, 167, 139)
rgb(185, 164, 136)
rgb(184, 164, 136)
rgb(185, 165, 137)
rgb(185, 164, 136)
rgb(185, 165, 136)
rgb(185, 164, 137)
rgb(185, 164, 137)
rgb(185, 165, 137)
rgb(184, 164, 136)
rgb(184, 164, 137)
rgb(185, 165, 137)
rgb(187, 166, 138)
rgb(186, 166, 138)
rgb(186, 166, 138)
rgb(187, 167, 138)
rgb(189, 164, 138)
rgb(188, 165, 138)
rgb(188, 164, 138)
rgb(188, 165, 138)
rgb(189, 165, 138)
rgb(188, 164, 139)
rgb(188, 165, 138)
rgb(188, 164, 138)
rgb(190, 164, 139)
rgb(190, 164, 139)
rgb(190, 164, 138)
rgb(190, 164, 139)
rgb(191, 165, 141)
rgb(190, 165, 141)
rgb(191, 165, 140)
rgb(191, 164, 140)
rgb(191, 165, 140)
rgb(190, 165, 140)
rgb(190, 165, 141)
rgb(190, 165, 140)
rgb(191, 164, 140)
rgb(190, 164, 140)
rgb(190, 165, 140)
rgb(191, 165, 141)
rgb(191, 165, 140)
rgb(191, 164, 140)
rgb(191, 164, 141)
rgb(191, 165, 141)
rgb(191, 164, 138)
rgb(191, 165, 138)
rgb(190, 165, 139)
rgb(190, 165, 139)
rgb(189, 163, 137)
rgb(189, 163, 136)
rgb(189, 162, 136)
rgb(188, 163, 136)
rgb(189, 163, 137)
rgb(188, 163, 137)
rgb(188, 163, 136)
rgb(188, 163, 136)
rgb(187, 162, 137)
rgb(186, 162, 136)
rgb(187, 162, 137)
rgb(187, 162, 136)
rgb(186, 162, 136)
rgb(186, 163, 137)
rgb(186, 164, 137)
rgb(187, 164, 137)
rgb(184, 165, 139)
rgb(184, 164, 138)
rgb(187, 164, 140)
rgb(186, 164, 141)
rgb(186, 165, 140)
rgb(186, 165, 141)
rgb(186, 165, 141)
rgb(186, 164, 141)
rgb(184, 164, 141)
rgb(185, 164, 140)
rgb(184, 165, 140)
rgb(184, 164, 140)
rgb(184, 164, 140)
rgb(185, 164, 141)
rgb(185, 164, 141)
rgb(184, 165, 141)
rgb(185, 165, 141)
rgb(185, 164, 140)
rgb(185, 164, 140)
rgb(185, 165, 140)
rgb(184, 163, 140)
rgb(184, 163, 141)
rgb(185, 163, 140)
rgb(185, 163, 140)
rgb(183, 160, 139)
rgb(182, 161, 138)
rgb(182, 161, 139)
rgb(183, 160, 138)
rgb(184, 162, 141)
rgb(185, 162, 140)
rgb(184, 163, 140)
rgb(185, 162, 140)
rgb(186, 162, 140)
rgb(187, 163, 140)
rgb(186, 162, 141)
rgb(186, 162, 141)
rgb(184, 160, 139)
rgb(185, 160, 139)
rgb(184, 161, 139)
rgb(184, 160, 138)
rgb(185, 161, 138)
rgb(184, 160, 139)
rgb(185, 160, 139)
rgb(184, 160, 139)
rgb(184, 160, 139)
rgb(185, 161, 138)
rgb(184, 160, 139)
rgb(184, 161, 139)
rgb(184, 160, 138)
rgb(184, 161, 139)
rgb(185, 161, 139)
rgb(184, 161, 138)
rgb(184, 160, 138)
rgb(185, 161, 138)
rgb(184, 160, 138)
rgb(185, 160, 139)
rgb(184, 160, 139)
rgb(185, 160, 138)
rgb(185, 161, 139)
rgb(184, 161, 139)
rgb(182, 161, 138)
rgb(183, 161, 139)
rgb(185, 161, 139)
rgb(185, 160, 138)
rgb(185, 162, 141)
rgb(184, 163, 141)
rgb(184, 165, 140)
rgb(185, 165, 141)
rgb(186, 165, 143)
rgb(187, 165, 142)
rgb(186, 165, 142)
rgb(187, 165, 142)
rgb(186, 164, 143)
rgb(187, 165, 143)
rgb(187, 165, 142)
rgb(186, 165, 143)
rgb(185, 164, 141)
rgb(184, 164, 141)
rgb(185, 165, 141)
rgb(185, 164, 140)
rgb(184, 165, 140)
rgb(184, 165, 140)
rgb(184, 164, 140)
rgb(185, 164, 140)
rgb(185, 164, 141)
rgb(185, 164, 141)
rgb(185, 164, 140)
rgb(185, 165, 141)
rgb(185, 165, 141)
rgb(185, 164, 141)
rgb(185, 165, 140)
rgb(184, 165, 140)
rgb(184, 162, 140)
rgb(184, 163, 140)
rgb(185, 162, 141)
rgb(184, 163, 141)
rgb(184, 163, 141)
rgb(184, 163, 141)
rgb(184, 163, 139)
rgb(184, 162, 138)
rgb(185, 163, 138)
rgb(185, 163, 139)
rgb(184, 162, 137)
rgb(185, 163, 136)
rgb(184, 162, 138)
rgb(184, 162, 139)
rgb(185, 162, 138)
rgb(185, 163, 139)
rgb(186, 162, 138)
rgb(186, 162, 139)
rgb(187, 163, 138)
rgb(187, 162, 141)
rgb(189, 164, 145)
rgb(188, 164, 145)
rgb(188, 165, 146)
rgb(188, 165, 146)
rgb(189, 164, 149)
rgb(190, 166, 150)
rgb(195, 170, 154)
rgb(197, 173, 155)
rgb(195, 169, 152)
rgb(195, 169, 152)
rgb(198, 175, 156)
rgb(201, 174, 158)
rgb(200, 175, 158)
rgb(200, 176, 159)
rgb(204, 180, 165)
rgb(207, 183, 164)
rgb(208, 184, 165)
rgb(210, 186, 166)
rgb(214, 188, 170)
rgb(216, 192, 174)
rgb(217, 192, 174)
rgb(217, 192, 174)
rgb(216, 193, 174)
rgb(216, 192, 175)
rgb(214, 193, 172)
rgb(212, 190, 171)
rgb(210, 188, 169)
rgb(209, 186, 167)
rgb(206, 186, 166)
rgb(205, 182, 162)
rgb(201, 179, 158)
rgb(199, 177, 157)
rgb(200, 178, 159)
rgb(202, 180, 160)
rgb(202, 180, 160)
rgb(203, 180, 160)
rgb(205, 183, 163)
rgb(205, 182, 162)
rgb(207, 184, 165)
rgb(207, 185, 165)
rgb(207, 187, 166)
rgb(207, 187, 167)
rgb(208, 187, 167)
rgb(209, 187, 167)
rgb(207, 187, 166)
rgb(207, 187, 166)
rgb(209, 187, 167)
rgb(209, 186, 167)
rgb(210, 186, 170)
rgb(210, 187, 170)
rgb(211, 188, 171)
rgb(212, 190, 173)
rgb(213, 188, 174)
rgb(212, 188, 174)
rgb(212, 189, 175)
rgb(211, 188, 173)
rgb(212, 189, 176)
rgb(214, 191, 178)
rgb(218, 194, 182)
rgb(220, 198, 187)
rgb(222, 200, 186)
rgb(224, 203, 188)
rgb(229, 206, 194)
rgb(232, 209, 196)
rgb(234, 211, 199)
rgb(234, 210, 199)
rgb(235, 211, 198)
rgb(233, 210, 197)
rgb(232, 209, 194)
rgb(233, 208, 194)
rgb(232, 211, 193)
rgb(234, 212, 194)
rgb(233, 210, 193)
rgb(230, 209, 191)
rgb(228, 207, 186)
rgb(229, 206, 186)
rgb(227, 207, 186)
rgb(223, 203, 182)
rgb(215, 196, 173)
rgb(213, 192, 168)
rgb(213, 193, 169)
rgb(210, 190, 169)
rgb(207, 189, 164)
rgb(202, 185, 160)
rgb(200, 178, 156)
rgb(196, 174, 153)
rgb(193, 170, 151)
rgb(190, 167, 149)
rgb(193, 165, 147)
rgb(191, 162, 144)
rgb(187, 159, 141)
rgb(185, 158, 140)
rgb(189, 158, 140)
rgb(191, 161, 143)
rgb(191, 160, 142)
rgb(188, 159, 141)
rgb(188, 157, 140)
rgb(186, 157, 138)
rgb(186, 156, 141)
rgb(187, 157, 140)
rgb(187, 159, 140)
rgb(187, 159, 141)
rgb(185, 160, 141)
rgb(182, 159, 140)
rgb(178, 157, 141)
rgb(179, 156, 140)
rgb(178, 157, 139)
rgb(178, 156, 140)
rgb(178, 158, 140)
rgb(180, 160, 143)
rgb(180, 160, 143)
rgb(183, 162, 144)
rgb(185, 162, 146)
rgb(184, 164, 148)
rgb(186, 164, 148)
rgb(188, 163, 148)
rgb(190, 162, 148)
rgb(191, 162, 148)
rgb(191, 160, 148)
rgb(190, 160, 148)
rgb(191, 161, 149)
rgb(191, 161, 149)
rgb(190, 161, 149)
rgb(190, 161, 148)
rgb(191, 161, 149)
rgb(191, 160, 149)
rgb(191, 161, 148)
rgb(188, 158, 146)
rgb(186, 159, 145)
rgb(184, 158, 144)
rgb(186, 159, 144)
rgb(187, 159, 145)
rgb(186, 161, 147)
rgb(187, 161, 147)
rgb(188, 161, 147)
rgb(189, 161, 146)
rgb(189, 163, 148)
rgb(188, 165, 150)
rgb(193, 168, 153)
rgb(195, 171, 156)
rgb(197, 172, 159)
rgb(200, 176, 160)
rgb(202, 178, 164)
rgb(204, 178, 164)
rgb(208, 182, 168)
rgb(212, 186, 172)
rgb(219, 194, 180)
rgb(223, 198, 184)
rgb(220, 196, 180)
rgb(219, 193, 178)
rgb(218, 192, 178)
rgb(217, 191, 176)
rgb(215, 188, 172)
rgb(215, 187, 171)
rgb(214, 188, 172)
rgb(217, 188, 172)
rgb(216, 188, 172)
rgb(215, 186, 170)
rgb(211, 185, 168)
rgb(208, 181, 165)
rgb(213, 185, 167)
rgb(217, 191, 170)
rgb(218, 194, 175)
rgb(220, 197, 177)
rgb(221, 199, 178)
rgb(218, 197, 176)
rgb(213, 193, 173)
rgb(212, 193, 171)
rgb(215, 195, 175)
rgb(214, 194, 174)
rgb(211, 191, 171)
rgb(208, 189, 168)