rgba(229, 193, 151, 255)
rgba(229, 192, 150, 255)
rgba(231, 195, 152, 255)
rgba(230, 195, 152, 255)
rgba(233, 195, 155, 255)
rgba(232, 194, 154, 255)
rgba(231, 196, 157, 255)
rgba(230, 197, 156, 255)
rgba(231, 198, 157, 255)
rgba(230, 199, 156, 255)
rgba(228, 201, 157, 255)
rgba(228, 199, 159, 255)
rgba(230, 200, 163, 255)
rgba(231, 201, 162, 255)
rgba(230, 200, 163, 255)
rgba(231, 200, 162, 255)
rgba(231, 198, 161, 255)
rgba(231, 199, 161, 255)
rgba(231, 197, 160, 255)
rgba(231, 197, 160, 255)
rgba(231, 198, 163, 255)
rgba(231, 198, 163, 255)
rgba(231, 198, 162, 255)
rgba(231, 199, 163, 255)
rgba(232, 199, 165, 255)
rgba(233, 198, 165, 255)
rgba(232, 201, 167, 255)
rgba(233, 200, 166, 255)
rgba(233, 200, 168, 255)
rgba(233, 200, 168, 255)
rgba(234, 201, 169, 255)
rgba(234, 201, 169, 255)
rgba(234, 200, 169, 255)
rgba(234, 201, 169, 255)
rgba(234, 201, 169, 255)
rgba(233, 199, 170, 255)
rgba(232, 199, 171, 255)
rgba(231, 196, 169, 255)
rgba(229, 196, 169, 255)
rgba(228, 196, 168, 255)
rgba(229, 197, 169, 255)
rgba(228, 196, 169, 255)
rgba(229, 198, 170, 255)
rgba(228, 199, 171, 255)
rgba(228, 198, 170, 255)
rgba(229, 199, 171, 255)
rgba(230, 201, 172, 255)
rgba(231, 201, 173, 255)
rgba(230, 200, 172, 255)
rgba(230, 200, 173, 255)
rgba(231, 200, 173, 255)
rgba(230, 200, 172, 255)
rgba(230, 201, 171, 255)
rgba(230, 201, 170, 255)
rgba(231, 200, 170, 255)
rgba(230, 201, 170, 255)
rgba(230, 200, 168, 255)
rgba(230, 201, 168, 255)
rgba(230, 200, 168, 255)
rgba(230, 201, 168, 255)
rgba(229, 203, 169, 255)
rgba(228, 203, 168, 255)
rgba(229, 202, 168, 255)
rgba(229, 202, 169, 255)
rgba(229, 203, 168, 255)
rgba(228, 202, 168, 255)
rgba(229, 203, 168, 255)
rgba(228, 202, 169, 255)
rgba(227, 203, 168, 255)
rgba(226, 203, 168, 255)
rgba(226, 202, 168, 255)
rgba(227, 203, 169, 255)
rgba(227, 202, 169, 255)
rgba(226, 203, 168, 255)
rgba(227, 203, 168, 255)
rgba(227, 203, 169, 255)
rgba(228, 205, 168, 255)
rgba(228, 204, 168, 255)
rgba(229, 204, 169, 255)
rgba(229, 205, 170, 255)
rgba(228, 205, 169, 255)
rgba(224, 201, 164, 255)
rgba(217, 192, 157, 255)
rgba(212, 189, 152, 255)
rgba(227, 201, 166, 255)
rgba(220, 194, 160, 255)
rgba(215, 188, 155, 255)
rgba(211, 184, 148, 255)
rgba(224, 197, 163, 255)
rgba(221, 192, 159, 255)
rgba(213, 184, 151, 255)
rgba(210, 182, 149, 255)
rgba(214, 182, 153, 255)
rgba(215, 184, 153, 255)
rgba(213, 180, 151, 255)
rgba(211, 179, 149, 255)
rgba(210, 178, 149, 255)
rgba(211, 179, 148, 255)
rgba(207, 177, 144, 255)
rgba(204, 172, 145, 255)
rgba(201, 169, 143, 255)
rgba(199, 166, 140, 255)
rgba(193, 162, 137, 255)
rgba(193, 163, 135, 255)
rgba(193, 162, 138, 255)
rgba(194, 165, 140, 255)
rgba(192, 164, 140, 255)
rgba(190, 162, 139, 255)
rgba(190, 164, 140, 255)
rgba(188, 162, 139, 255)
rgba(190, 165, 141, 255)
rgba(190, 165, 141, 255)
rgba(191, 165, 140, 255)
rgba(190, 164, 140, 255)
rgba(191, 165, 143, 255)
rgba(191, 164, 143, 255)
rgba(191, 165, 143, 255)
rgba(190, 165, 142, 255)
rgba(190, 164, 142, 255)
rgba(190, 164, 142, 255)
rgba(190, 164, 142, 255)
rgba(191, 164, 142, 255)
rgba(191, 164, 142, 255)
rgba(191, 164, 142, 255)
rgba(191, 165, 143, 255)
rgba(191, 164, 143, 255)
rgba(191, 165, 142, 255)
rgba(191, 165, 143, 255)
rgba(190, 164, 140, 255)
rgba(191, 164, 140, 255)
rgba(190, 164, 140, 255)
rgba(191, 164, 141, 255)
rgba(191, 164, 141, 255)
rgba(191, 164, 140, 255)
rgba(191, 164, 141, 255)
rgba(190, 164, 141, 255)
rgba(190, 162, 140, 255)
rgba(190, 163, 141, 255)
rgba(191, 163, 141, 255)
rgba(191, 162, 140, 255)
rgba(190, 162, 141, 255)
rgba(190, 163, 140, 255)
rgba(191, 162, 139, 255)
rgba(190, 163, 138, 255)
rgba(190, 162, 139, 255)
rgba(191, 163, 139, 255)
rgba(188, 160, 139, 255)
rgba(189, 160, 138, 255)
rgba(187, 160, 139, 255)
rgba(186, 161, 138, 255)
rgba(188, 163, 139, 255)
rgba(189, 162, 139, 255)
rgba(191, 162, 139, 255)
rgba(190, 162, 139, 255)
rgba(190, 163, 141, 255)
rgba(191, 163, 140, 255)
rgba(191, 163, 143, 255)
rgba(190, 163, 143, 255)
rgba(190, 163, 142, 255)
rgba(190, 163, 142, 255)
rgba(190, 161, 140, 255)
rgba(191, 160, 140, 255)
rgba(190, 160, 140, 255)
rgba(191, 160, 141, 255)
rgba(191, 161, 142, 255)
rgba(190, 161, 143, 255)
rgba(190, 161, 142, 255)
rgba(190, 160, 142, 255)
rgba(190, 160, 143, 255)
rgba(191, 161, 143, 255)
rgba(190, 161, 142, 255)
rgba(190, 161, 142, 255)
rgba(190, 161, 140, 255)
rgba(190, 160, 140, 255)
rgba(190, 160, 141, 255)
rgba(191, 160, 140, 255)
rgba(191, 163, 142, 255)
rgba(191, 162, 143, 255)
rgba(190, 162, 142, 255)
rgba(190, 163, 143, 255)
rgba(191, 163, 142, 255)
rgba(191, 163, 143, 255)
rgba(190, 163, 143, 255)
rgba(191, 163, 142, 255)
rgba(188, 165, 143, 255)
rgba(189, 164, 142, 255)
rgba(186, 164, 140, 255)
rgba(187, 165, 140, 255)
rgba(186, 165, 143, 255)
rgba(186, 165, 142, 255)
rgba(186, 165, 141, 255)
rgba(187, 165, 141, 255)
rgba(189, 166, 140, 255)
rgba(188, 166, 141, 255)
rgba(188, 166, 139, 255)
rgba(186, 167, 136, 255)
rgba(186, 166, 136, 255)
rgba(184, 165, 135, 255)
rgba(185, 164, 132, 255)
rgba(184, 164, 133, 255)
rgba(184, 165, 132, 255)
rgba(184, 164, 133, 255)
rgba(187, 166, 134, 255)
rgba(187, 166, 134, 255)
rgba(187, 167, 135, 255)
rgba(186, 167, 135, 255)
rgba(186, 167, 134, 255)
rgba(186, 166, 135, 255)
rgba(187, 166, 134, 255)
rgba(187, 167, 134, 255)
rgba(184, 165, 133, 255)
rgba(184, 164, 132, 255)
rgba(185, 165, 133, 255)
rgba(185, 164, 133, 255)
rgba(185, 164, 132, 255)
rgba(184, 164, 132, 255)
rgba(185, 165, 132, 255)
rgba(184, 164, 133, 255)
rgba(185, 164, 133, 255)
rgba(185, 165, 133, 255)
rgba(184, 165, 134, 255)
rgba(185, 165, 134, 255)
rgba(186, 167, 137, 255)
rgba(186, 166, 137, 255)
rgba(186, 166, 137, 255)
rgba(187, 166, 136, 255)
rgba(188, 167, 139, 255)
rgba(188, 166, 139, 255)
rgba(189, 167, 140, 255)
rgba(188, 167, 140, 255)
rgba(188, 167, 140, 255)
rgba(188, 166, 140, 255)
rgba(188, 167, 141, 255)
rgba(188, 167, 140, 255)
rgba(188, 167, 140, 255)
rgba(188, 167, 140, 255)
rgba(188, 167, 140, 255)
rgba(188, 166, 140, 255)
rgba(188, 169, 141, 255)
rgba(188, 168, 140, 255)
rgba(189, 169, 141, 255)
rgba(189, 168, 141, 255)
rgba(190, 169, 143, 255)
rgba(191, 169, 142, 255)
rgba(191, 169, 143, 255)
rgba(191, 169, 142, 255)
rgba(190, 169, 142, 255)
rgba(189, 166, 141, 255)
rgba(187, 166, 138, 255)
rgba(185, 165, 137, 255)
rgba(185, 164, 137, 255)
rgba(184, 162, 136, 255)
rgba(184, 163, 137, 255)
rgba(183, 162, 135, 255)
rgba(184, 162, 136, 255)
rgba(184, 163, 137, 255)
rgba(184, 163, 137, 255)
rgba(185, 163, 136, 255)
rgba(185, 164, 136, 255)
rgba(184, 164, 137, 255)
rgba(184, 164, 137, 255)
rgba(184, 165, 137, 255)
rgba(185, 164, 136, 255)
rgba(184, 164, 136, 255)
rgba(184, 164, 137, 255)
rgba(185, 165, 137, 255)
rgba(185, 165, 137, 255)
rgba(184, 164, 136, 255)
rgba(185, 165, 137, 255)
rgba(185, 165, 136, 255)
rgba(184, 165, 136, 255)
rgba(185, 165, 136, 255)
rgba(187, 166, 139, 255)
rgba(186, 167, 138, 255)
rgba(188, 167, 140, 255)
rgba(189, 166, 141, 255)
rgba(188, 166, 141, 255)
rgba(188, 166, 140, 255)
rgba(189, 168, 141, 255)
rgba(189, 168, 140, 255)
rgba(189, 168, 141, 255)
rgba(189, 168, 141, 255)
rgba(189, 169, 140, 255)
rgba(189, 167, 141, 255)
rgba(189, 166, 140, 255)
rgba(187, 167, 139, 255)
rgba(188, 167, 141, 255)
rgba(188, 167, 141, 255)
rgba(189, 166, 140, 255)
rgba(188, 166, 141, 255)
rgba(189, 169, 141, 255)
rgba(188, 166, 141, 255)
rgba(186, 167, 139, 255)
rgba(185, 164, 136, 255)
rgba(184, 164, 136, 255)
rgba(185, 165, 137, 255)
rgba(185, 164, 136, 255)
rgba(185, 165, 136, 255)
rgba(185, 164, 137, 255)
rgba(185, 164, 137, 255)
rgba(185, 165, 137, 255)
rgba(184, 164, 136, 255)
rgba(184, 164, 137, 255)
rgba(185, 165, 137, 255)
rgba(187, 166, 138, 255)
rgba(186, 166, 138, 255)
rgba(186, 166, 138, 255)
rgba(187, 167, 138, 255)
rgba(189, 164, 138, 255)
rgba(188, 165, 138, 255)
rgba(188, 164, 138, 255)
rgba(188, 165, 138, 255)
rgba(189, 165, 138, 255)
rgba(188, 164, 139, 255)
rgba(188, 165, 138, 255)
rgba(188, 164, 138, 255)
rgba(190, 164, 139, 255)
rgba(190, 164, 139, 255)
rgba(190, 164, 138, 255)
rgba(190, 164, 139, 255)
rgba(191, 165, 141, 255)
rgba(190, 165, 141, 255)
rgba(191, 165, 140, 255)
rgba(191, 164, 140, 255)
rgba(191, 165, 140, 255)
rgba(190, 165, 140, 255)
rgba(190, 165, 141, 255)
rgba(190, 165, 140, 255)
rgba(191, 164, 140, 255)
rgba(190, 164, 140, 255)
rgba(190, 165, 140, 255)
rgba(191, 165, 141, 255)
rgba(191, 165, 140, 255)
rgba(191, 164, 140, 255)
rgba(191, 164, 141, 255)
rgba(191, 165, 141, 255)
rgba(191, 164, 138, 255)
rgba(191, 165, 138, 255)
rgba(190, 165, 139, 255)
rgba(190, 165, 139, 255)
rgba(189, 163, 137, 255)
rgba(189, 163, 136, 255)
rgba(189, 162, 136, 255)
rgba(188, 163, 136, 255)
rgba(189, 163, 137, 255)
rgba(188, 163, 137, 255)
rgba(188, 163, 136, 255)
rgba(188, 163, 136, 255)
rgba(187, 162, 137, 255)
rgba(186, 162, 136, 255)
rgba(187, 162, 137, 255)
rgba(187, 162, 136, 255)
rgba(186, 162, 136, 255)
rgba(186, 163, 137, 255)
rgba(186, 164, 137, 255)
rgba(187, 164, 137, 255)
rgba(184, 165, 139, 255)
rgba(184, 164, 138, 255)
rgba(187, 164, 140, 255)
rgba(186, 164, 141, 255)
rgba(186, 165, 140, 255)
rgba(186, 165, 141, 255)
rgba(186, 165, 141, 255)
rgba(186, 164, 141, 255)
rgba(184, 164, 141, 255)
rgba(185, 164, 140, 255)
rgba(184, 165, 140, 255)
rgba(184, 164, 140, 255)
rgba(184, 164, 140, 255)
rgba(185, 164, 141, 255)
rgba(185, 164, 141, 255)
rgba(184, 165, 141, 255)
rgba(185, 165, 141, 255)
rgba(185, 164, 140, 255)
rgba(185, 164, 140, 255)
rgba(185, 165, 140, 255)
rgba(184, 163, 140, 255)
rgba(184, 163, 141, 255)
rgba(185, 163, 140, 255)
rgba(185, 163, 140, 255)
rgba(183, 160, 139, 255)
rgba(182, 161, 138, 255)
rgba(182, 161, 139, 255)
rgba(183, 160, 138, 255)
rgba(184, 162, 141, 255)
rgba(185, 162, 140, 255)
rgba(184, 163, 140, 255)
rgba(185, 162, 140, 255)
rgba(186, 162, 140, 255)
rgba(187, 163, 140, 255)
rgba(186, 162, 141, 255)
rgba(186, 162, 141, 255)
rgba(184, 160, 139, 255)
rgba(185, 160, 139, 255)
rgba(184, 161, 139, 255)
rgba(184, 160, 138, 255)
rgba(185, 161, 138, 255)
rgba(184, 160, 139, 255)
rgba(185, 160, 139, 255)
rgba(184, 160, 139, 255)
rgba(184, 160, 139, 255)
rgba(185, 161, 138, 255)
rgba(184, 160, 139, 255)
rgba(184, 161, 139, 255)
rgba(184, 160, 138, 255)
rgba(184, 161, 139, 255)
rgba(185, 161, 139, 255)
rgba(184, 161, 138, 255)
rgba(184, 160, 138, 255)
rgba(185, 161, 138, 255)
rgba(184, 160, 138, 255)
rgba(185, 160, 139, 255)
rgba(184, 160, 139, 255)
rgba(185, 160, 138, 255)
rgba(185, 161, 139, 255)
rgba(184, 161, 139, 255)
rgba(182, 161, 138, 255)
rgba(183, 161, 139, 255)
rgba(185, 161, 139, 255)
rgba(185, 160, 138, 255)
rgba(185, 162, 141, 255)
rgba(184, 163, 141, 255)
rgba(184, 165, 140, 255)
rgba(185, 165, 141, 255)
rgba(186, 165, 143, 255)
rgba(187, 165, 142, 255)
rgba(186, 165, 142, 255)
rgba(187, 165, 142, 255)
rgba(186, 164, 143, 255)
rgba(187, 165, 143, 255)
rgba(187, 165, 142, 255)
rgba(186, 165, 143, 255)
rgba(185, 164, 141, 255)
rgba(184, 164, 141, 255)
rgba(185, 165, 141, 255)
rgba(185, 164, 140, 255)
rgba(184, 165, 140, 255)
rgba(184, 165, 140, 255)
rgba(184, 164, 140, 255)
rgba(185, 164, 140, 255)
rgba(185, 164, 141, 255)
rgba(185, 164, 141, 255)
rgba(185, 164, 140, 255)
rgba(185, 165, 141, 255)
rgba(185, 165, 141, 255)
rgba(185, 164, 141, 255)
rgba(185, 165, 140, 255)
rgba(184, 165, 140, 255)
rgba(184, 162, 140, 255)
rgba(184, 163, 140, 255)
rgba(185, 162, 141, 255)
rgba(184, 163, 141, 255)
rgba(184, 163, 141, 255)
rgba(184, 163, 141, 255)
rgba(184, 163, 139, 255)
rgba(184, 162, 138, 255)
rgba(185, 163, 138, 255)
rgba(185, 163, 139, 255)
rgba(184, 162, 137, 255)
rgba(185, 163, 136, 255)
rgba(184, 162, 138, 255)
rgba(184, 162, 139, 255)
rgba(185, 162, 138, 255)
rgba(185, 163, 139, 255)
rgba(186, 162, 138, 255)
rgba(186, 162, 139, 255)
rgba(187, 163, 138, 255)
rgba(187, 162, 141, 255)
rgba(189, 164, 145, 255)
rgba(188, 164, 145, 255)
rgba(188, 165, 146, 255)
rgba(188, 165, 146, 255)
rgba(189, 164, 149, 255)
rgba(190, 166, 150, 255)
rgba(195, 170, 154, 255)
rgba(197, 173, 155, 255)
rgba(195, 169, 152, 255)
rgba(195, 169, 152, 255)
rgba(198, 175, 156, 255)
rgba(201, 174, 158, 255)
rgba(200, 175, 158, 255)
rgba(200, 176, 159, 255)
rgba(204, 180, 165, 255)
rgba(207, 183, 164, 255)
rgba(208, 184, 165, 255)
rgba(210, 186, 166, 255)
rgba(214, 188, 170, 255)
rgba(216, 192, 174, 255)
rgba(217, 192, 174, 255)
rgba(217, 192, 174, 255)
rgba(216, 193, 174, 255)
rgba(216, 192, 175, 255)
rgba(214, 193, 172, 255)
rgba(212, 190, 171, 255)
rgba(210, 188, 169, 255)
rgba(209, 186, 167, 255)
rgba(206, 186, 166, 255)
rgba(205, 182, 162, 255)
rgba(201, 179, 158, 255)
rgba(199, 177, 157, 255)
rgba(200, 178, 159, 255)
rgba(202, 180, 160, 255)
rgba(202, 180, 160, 255)
rgba(203, 180, 160, 255)
rgba(205, 183, 163, 255)
rgba(205, 182, 162, 255)
rgba(207, 184, 165, 255)
rgba(207, 185, 165, 255)
rgba(207, 187, 166, 255)
rgba(207, 187, 167, 255)
rgba(208, 187, 167, 255)
rgba(209, 187, 167, 255)
rgba(207, 187, 166, 255)
rgba(207, 187, 166, 255)
rgba(209, 187, 167, 255)
rgba(209, 186, 167, 255)
rgba(210, 186, 170, 255)
rgba(210, 187, 170, 255)
rgba(211, 188, 171, 255)
rgba(212, 190, 173, 255)
rgba(213, 188, 174, 255)
rgba(212, 188, 174, 255)
rgba(212, 189, 175, 255)
rgba(211, 188, 173, 255)
rgba(212, 189, 176, 255)
rgba(214, 191, 178, 255)
rgba(218, 194, 182, 255)
rgba(220, 198, 187, 255)
rgba(222, 200, 186, 255)
rgba(224, 203, 188, 255)
rgba(229, 206, 194, 255)
rgba(232, 209, 196, 255)
rgba(234, 211, 199, 255)
rgba(234, 210, 199, 255)
rgba(235, 211, 198, 255)
rgba(233, 210, 197, 255)
rgba(232, 209, 194, 255)
rgba(233, 208, 194, 255)
rgba(232, 211, 193, 255)
rgba(234, 212, 194, 255)
rgba(233, 210, 193, 255)
rgba(230, 209, 191, 255)
rgba(228, 207, 186, 255)
rgba(229, 206, 186, 255)
rgba(227, 207, 186, 255)
rgba(223, 203, 182, 255)
rgba(215, 196, 173, 255)
rgba(213, 192, 168, 255)
rgba(213, 193, 169, 255)
rgba(210, 190, 169, 255)
rgba(207, 189, 164, 255)
rgba(202, 185, 160, 255)
rgba(200, 178, 156, 255)
rgba(196, 174, 153, 255)
rgba(193, 170, 151, 255)
rgba(190, 167, 149, 255)
rgba(193, 165, 147, 255)
rgba(191, 162, 144, 255)
rgba(187, 159, 141, 255)
rgba(185, 158, 140, 255)
rgba(189, 158, 140, 255)
rgba(191, 161, 143, 255)
rgba(191, 160, 142, 255)
rgba(188, 159, 141, 255)
rgba(188, 157, 140, 255)
rgba(186, 157, 138, 255)
rgba(186, 156, 141, 255)
rgba(187, 157, 140, 255)
rgba(187, 159, 140, 255)
rgba(187, 159, 141, 255)
rgba(185, 160, 141, 255)
rgba(182, 159, 140, 255)
rgba(178, 157, 141, 255)
rgba(179, 156, 140, 255)
rgba(178, 157, 139, 255)
rgba(178, 156, 140, 255)
rgba(178, 158, 140, 255)
rgba(180, 160, 143, 255)
rgba(180, 160, 143, 255)
rgba(183, 162, 144, 255)
rgba(185, 162, 146, 255)
rgba(184, 164, 148, 255)
rgba(186, 164, 148, 255)
rgba(188, 163, 148, 255)
rgba(190, 162, 148, 255)
rgba(191, 162, 148, 255)
rgba(191, 160, 148, 255)
rgba(190, 160, 148, 255)
rgba(191, 161, 149, 255)
rgba(191, 161, 149, 255)
rgba(190, 161, 149, 255)
rgba(190, 161, 148, 255)
rgba(191, 161, 149, 255)
rgba(191, 160, 149, 255)
rgba(191, 161, 148, 255)
rgba(188, 158, 146, 255)
rgba(186, 159, 145, 255)
rgba(184, 158, 144, 255)
rgba(186, 159, 144, 255)
rgba(187, 159, 145, 255)
rgba(186, 161, 147, 255)
rgba(187, 161, 147, 255)
rgba(188, 161, 147, 255)
rgba(189, 161, 146, 255)
rgba(189, 163, 148, 255)
rgba(188, 165, 150, 255)
rgba(193, 168, 153, 255)
rgba(195, 171, 156, 255)
rgba(197, 172, 159, 255)
rgba(200, 176, 160, 255)
rgba(202, 178, 164, 255)
rgba(204, 178, 164, 255)
rgba(208, 182, 168, 255)
rgba(212, 186, 172, 255)
rgba(219, 194, 180, 255)
rgba(223, 198, 184, 255)
rgba(220, 196, 180, 255)
rgba(219, 193, 178, 255)
rgba(218, 192, 178, 255)
rgba(217, 191, 176, 255)
rgba(215, 188, 172, 255)
rgba(215, 187, 171, 255)
rgba(214, 188, 172, 255)
rgba(217, 188, 172, 255)
rgba(216, 188, 172, 255)
rgba(215, 186, 170, 255)
rgba(211, 185, 168, 255)
rgba(208, 181, 165, 255)
rgba(213, 185, 167, 255)
rgba(217, 191, 170, 255)
rgba(218, 194, 175, 255)
rgba(220, 197, 177, 255)
rgba(221, 199, 178, 255)
rgba(218, 197, 176, 255)
rgba(213, 193, 173, 255)
rgba(212, 193, 171, 255)
rgba(215, 195, 175, 255)
rgba(214, 194, 174, 255)
rgba(211, 191, 171, 255)
rgba(208, 189, 168, 255)